1052 4676003.24828
387 1662 1352 557 53 177 1940 1102 1316 1415 1818 1663 
1189 1282 1732 1473 1760 1095 1148 
1803 1832 1647 836 1933 
552 1097 1129 561 1454 
1087 95 1132 1720 725 963 1402 202 
328 1136 1359 1579 1801 1364 
1692 47 1464 
1876 1068 117 1546 
1523 579 
1106 669 1013 1743 766 
1222 216 393 1071 
120 1471 938 
615 1468 
544 584 797 606 
1264 1516 1389 129 1949 910 
1334 1064 
1897 804 1919 
1353 1959 1749 
1585 1285 759 
984 891 1813 1538 
162 1399 420 1367 
899 1861 1709 1967 
1810 307 787 
1776 435 1618 970 
1689 929 1665 
713 1297 1324 1910 
773 37 1093 1576 
26 1416 
1597 102 1547 
591 1151 77 689 
1171 782 237 
562 1054 1408 
833 34 943 
13 1374 88 
644 1690 1634 1133 
990 197 798 
1916 551 
1587 1491 
1130 1076 1503 
1950 989 
1862 39 748 203 
1625 1178 1496 
1470 1885 
243 922 2000 
1008 1559 991 
1351 1050 
642 1051 356 
1541 1643 903 
538 827 1219 1590 418 
1913 1867 1543 1765 
1956 1737 1586 
1455 1462 450 
293 1527 968 
923 735 
1082 1440 12 
260 666 
1573 794 1809 86 
690 790 
1866 814 988 
1863 1153 1775 
200 388 1342 
1669 1821 1217 
840 1923 1686 
215 745 
390 1166 362 
231 417 933 
628 
31 1991 
1666 241 
1294 80 1401 
1494 1660 1272 
308 1571 9 
1505 885 1664 
1729 811 83 
1271 8 1564 1043 564 
74 51 
846 96 408 
647 1712 
1997 1535 1319 
475 1723 1456 
1057 715 1495 
1229 1265 1382 841 1657 
1034 1708 
864 166 708 1642 
1452 1215 1943 
992 476 875 
257 573 1298 
1325 980 
1517 937 
744 849 1216 
263 1289 907 
424 426 
1575 1680 
473 1790 516 
106 75 
254 250 
55 967 
1735 1792 
626 467 
612 909 
381 1022 
668 1747 1420 
640 1532 
620 103 768 
1482 1375 
1140 736 
848 882 1896 
111 950 
1466 398 1839 300 
1213 1306 
1746 169 
982 199 1103 21 
1421 868 
734 1390 720 
800 1826 1032 
1430 427 
375 1570 1224 48 
71 605 1323 
44 407 
290 1085 1094 150 
1761 1855 
281 29 
40 1679 
820 1764 477 
834 1772 
510 1881 1403 
1603 1528 
1759 1398 949 
610 1823 1125 
353 
1158 1084 
43 107 710 
1627 873 1096 
1976 189 
1441 1510 
1542 1683 
255 410 533 
687 385 1234 
1841 897 
1355 1915 
1773 563 
1108 741 
877 1604 73 296 
753 1484 302 
1530 1066 493 
490 368 
1850 1840 344 
770 1279 
1847 1707 1794 
340 67 1058 
1955 509 
4 
874 631 
719 304 
425 1880 
1935 158 574 
621 1796 
1894 
1252 1931 364 
463 777 
692 1061 1534 
1417 839 1738 
176 1273 1626 
273 
931 481 338 
402 
1179 1381 
464 525 
830 1529 
609 1687 
779 465 155 
1711 1479 
1014 69 
1716 630 
384 1645 
838 1833 499 
1259 863 
140 
479 122 
1874 78 
854 528 
1172 906 1648 
336 636 
1904 520 
7 1845 
397 438 
1941 869 582 
1539 587 
54 1245 1226 
266 115 
602 1828 
1340 1112 575 
867 1412 
42 133 
1650 1921 
1128 1895 
442 676 
576 1442 
1101 1145 
1105 633 
1100 852 
444 1332 
1668 1694 
1244 1661 1206 
92 1311 
1982 757 261 
842 252 
1607 
383 1986 
1233 1406 
866 1658 1978 
712 1088 
219 1851 
1652 1343 
1980 416 908 
170 488 98 
1147 1024 1450 
20 1077 
717 245 482 
276 1985 
1596 1277 
917 
1210 1721 
888 130 
1175 1242 171 
286 
1616 1873 722 
1492 145 312 
935 1838 
994 436 
1745 1117 
396 1295 
523 518 
403 951 685 
781 643 116 
395 667 
683 1160 
793 1623 
1253 458 
515 24 
1646 524 
492 355 
1322 413 
434 1782 
1281 895 1405 
876 469 
546 1232 
1154 208 721 
79 1637 
318 429 508 
1135 1550 
305 1007 
182 1595 
788 
1704 409 1621 
1280 1714 
1036 792 
1565 1251 
697 1520 886 
1502 1443 
321 1424 
1948 
1917 
487 326 
360 571 
1086 
1200 805 
535 1481 
540 1820 
776 1961 38 
1203 553 1321 
1688 1887 
810 1092 1639 
554 1459 
159 
501 934 
915 
594 1023 
1829 898 
1724 674 
1485 1131 
422 192 
1201 650 367 
1449 993 
1757 1157 
645 1039 391 
699 927 
341 1118 
566 1247 
1673 
405 1182 
1284 739 
1514 1942 
17 1422 
765 1522 
1026 507 616 
754 1432 
1292 558 
1830 
1180 981 
1544 59 
1425 351 920 
1365 613 
706 1638 
1312 1192 
835 987 
1288 138 
1993 1069 
453 301 
1018 415 
1644 1509 
110 173 
1624 1614 
25 1142 
1483 1584 1578 
1545 780 
1254 
1327 1936 
430 1924 343 
1676 740 
1089 1475 
901 1144 
1556 
709 369 62 
1900 449 
962 
928 1934 
1786 622 
132 
1489 1127 
1852 1427 
813 807 
969 1954 
294 1947 
1812 1506 
1508 1123 
1474 
1685 513 
327 570 
881 629 
1515 478 
1378 796 
598 99 
1816 985 
1490 121 
484 
858 236 
279 1804 1911 
1221 
1500 1419 221 
1551 1770 
292 332 
1197 1886 
1554 1552 
729 1756 
1973 1568 
608 581 
904 1536 
1744 229 
1354 786 
952 1338 1553 
623 30 
1116 1029 
627 1235 
1912 451 
1615 961 
684 411 
1134 502 
567 1202 
404 
1262 1012 
829 1806 
1149 471 
1977 
339 446 
136 1561 
1968 204 
1267 1722 506 
1121 
289 1040 
1124 1019 
1780 1028 
1385 347 
1983 1890 240 
342 1181 
878 919 
871 135 
946 771 
1017 1291 
1635 742 
317 
889 89 
1889 1864 
1824 1781 
677 207 
1480 1477 
1164 
1512 57 
536 1906 
1908 1368 
125 727 
1138 
1622 474 
1836 
541 1926 
1798 1537 
1207 
726 791 
1802 1183 
1070 1137 
857 1730 
314 1299 
1814 433 
101 
214 1315 
1753 902 
577 
1594 19 
747 
1362 772 
399 1807 
865 265 
1304 
428 348 
1805 1659 
1875 
1937 1048 
1060 1706 
1436 
1308 333 
85 
1870 1498 
537 953 
389 758 
1435 1370 
1152 1677 
485 1581 
270 624 
210 27 
1750 924 
1920 1309 
1476 1337 
1373 752 
357 500 
998 313 
1702 419 
939 1460 
1582 701 
1260 947 
705 14 
1380 912 
693 50 
1366 1001 
975 1793 
414 785 
1602 421 
1734 377 
1583 632 
760 81 
68 870 
394 16 
1458 1328 
1044 
1317 529 
1695 1451 
1736 824 
1963 
1411 1227 
639 
1620 1426 
817 234 
778 1263 
604 1165 
157 
696 
641 658 
883 1170 
494 1671 
1305 108 
702 124 
1075 
664 
23 586 
853 1255 
392 
1965 1347 
625 
1819 
104 1047 
1371 371 
818 303 
1859 
1431 1903 
1269 1800 
1751 242 
1755 
764 655 
441 1827 
1027 1521 
1467 911 
619 659 
996 18 
654 126 
531 454 
1031 
1025 1605 
783 1869 
1114 1212 
359 1478 
1715 1339 
1150 1011 
1630 
1434 1358 
2 1766 
761 
46 
828 1653 
468 
522 1261 
358 
1511 1999 
1701 1111 
1021 459 
1784 1856 
70 896 
1613 275 
1033 1860 
1925 335 
1433 
1944 
1418 1045 
1591 
1348 1727 
1065 1270 
648 1771 
491 432 
959 233 
1218 767 
1922 519 
60 149 
1901 274 
634 1042 
1161 
1310 1228 
1409 568 
801 1842 
282 845 
452 1199 
58 815 
1391 113 
1428 49 
495 1958 
872 1631 
589 100 
1000 1763 
698 1126 
1988 572 
141 1258 
496 498 
1113 1636 
1240 1898 
372 1250 
795 1524 
330 580 
1684 1394 
268 1119 
105 673 
1868 1811 
1678 461 
1196 1533 
1567 1577 
1488 
1363 1487 
1974 
1081 1049 
714 148 
1981 1994 
1326 
680 119 
1609 198 
862 960 
893 694 
185 
1155 
966 
400 1275 
1438 1835 
948 
253 1883 
775 82 
1167 128 
559 269 
291 
90 649 
52 517 
1752 97 
1349 
751 93 
1580 1878 
1345 
1572 663 
455 248 
1909 181 
784 1787 
1159 1960 
1777 
1248 860 
514 750 
271 1698 
1789 306 
277 
439 378 
1611 
36 
1237 
1246 756 
94 
225 431 
593 191 
1846 1146 
1549 1301 
1893 
1276 
1266 1186 
1558 209 
72 1414 
1314 1713 
1336 1274 
545 657 
222 724 
1674 297 
1055 22 
1930 
1719 
1733 180 
1162 900 
1445 1191 
480 
1888 1379 
1797 
167 718 
930 534 
1640 
258 1143 
1059 1004 
884 315 
374 1225 
651 462 
843 1447 
1195 1791 
769 
603 942 
472 707 
218 
1569 283 
466 532 
1493 646 
601 401 
1062 716 
153 
1872 
521 660 
195 665 
349 1598 
1278 
590 1762 
1346 
1387 850 
1918 1946 
894 1651 
1987 1163 
635 165 
1073 1002 
1531 653 
688 
288 1293 
1038 
1783 679 
66 1030 
1463 
977 156 
661 249 
1589 
1318 146 
583 1691 
1952 1472 
503 
728 746 
1072 223 
1939 
112 1966 
1788 
1156 588 
812 365 
1331 
386 
1742 
1739 
1067 808 
505 555 
1035 1009 
247 
1395 
1423 
823 1507 
1632 1194 
316 460 
743 1945 
1697 
1283 1726 
1499 618 
319 1998 
380 1486 
1344 1091 
1176 1778 
565 278 
1854 
217 41 
160 
856 
437 
152 1964 
178 1989 
1682 320 
1843 
123 1953 
1731 
186 932 
1208 
1110 1122 
228 1834 
1457 1795 
352 997 
964 847 
971 1177 
310 1083 
1837 859 
704 
1329 1396 
151 
1190 87 
979 
134 
486 972 
822 1392 
489 
1287 1109 
423 
1230 
695 1173 
1877 1725 
851 264 
802 194 
1080 
1120 
172 154 
118 
1641 
1574 445 
543 539 
45 678 
918 1754 
995 
1995 1053 
1774 
560 1209 
1741 
144 346 
925 1372 
1174 323 
64 1871 
91 
1256 376 
1241 1825 
1848 556 
530 1619 
1526 
711 1996 
1882 
6 
238 1357 
954 
1592 607 
914 
84 
1593 
1453 1 
1938 
1740 370 
1205 944 
382 
1268 1439 
1300 1969 
1376 999 
1566 671 
35 1236 
267 363 
331 244 
578 1899 
550 
1667 483 
443 681 
821 
1990 
1655 1992 
733 1670 
1330 
1307 
1693 662 
1169 
585 1628 
1858 345 
1519 1383 
816 806 
412 1041 
600 
1115 456 
1078 1107 
819 
285 
1513 
1090 284 
1815 1849 
861 1844 
956 
251 
1056 1768 
1369 
379 309 
329 983 
179 855 
114 1320 
220 1501 
887 916 
163 1557 
940 1104 
497 1728 
175 131 
732 
1333 280 
879 164 
1223 1710 
457 597 
1187 
1610 
1052 
28 
137 
957 656 
440 
1601 826 
187 1675 
447 1548 
259 1448 
1302 
730 
239 
196 
1560 1962 
549 
1799 
1588 
1286 
1879 1350 
1296 334 
324 
831 406 
958 
1700 
973 1705 
1010 1672 
913 
569 
1975 
311 1717 
212 
142 1957 
941 
1469 
1249 262 
803 193 
595 
1099 
1562 512 
1703 
1397 
1617 1905 
127 
809 
1681 1540 
201 
1865 
227 
1518 
1525 1979 
1303 892 
617 1907 
350 1984 
945 
1016 1951 
1006 1649 
1185 
1139 1822 
614 
1971 1384 
1020 
592 
774 
1193 
1386 1718 
1446 504 
235 
1892 1891 
11 
978 
1257 
1184 
1198 
109 700 
1767 
749 
672 295 
206 936 
1098 
1927 
298 
224 
1599 
1188 
1037 789 
1914 
470 
65 1932 
184 
511 
1758 
1461 
226 
1356 
1970 
542 
1360 
1902 
1168 
1079 547 
723 
1769 
1563 
1074 670 
10 
3 
1231 
1400 143 
1633 232 
1444 61 
1748 
1497 246 
703 1063 
1504 15 
691 
1696 
638 
526 
272 
880 1629 
230 1393 
1141 
1214 213 
1413 
799 682 
637 686 
1779 1404 
974 
205 
763 
161 976 
1204 
1015 
1853 373 
63 
337 
986 890 
33 
168 
926 1313 
921 
174 
1046 
527 
1884 188 
1808 
1407 
1003 139 
1335 
844 
1239 652 
1972 
287 
1243 1361 
955 
825 
1388 
1699 
832 1831 
905 
1654 
183 76 
965 
56 
1929 
354 
1005 
738 322 
1290 
1928 
1857 
1238 
32 
611 
596 
366 
762 
448 
1555 
1211 
1341 
1600 
731 
211 190 
1608 
1465 
737 
1606 
599 
1377 
1817 
837 
256 
299 
147 
1410 
5 
1656 
1785 
675 1612 
1429 
325 
361 
1437 
755 
1220 
548 
