10 51537.76818
272 386 234 206 293 248 124 346 476 395 116 304 14 367 77 40 334 449 60 469 307 496 421 47 462 312 342 137 306 356 44 479 31 212 310 457 174 343 204 422 418 266 488 254 125 391 429 380 331 249 390 91 85 379 494 237 202 70 29 498 442 182 
93 271 370 225 240 327 107 354 436 82 362 487 10 281 17 311 448 2 238 440 37 148 330 256 49 297 71 253 262 15 56 104 443 213 499 200 3 468 211 431 473 55 95 98 491 24 265 217 475 409 58 290 72 
275 114 363 393 87 402 389 11 481 210 216 352 341 63 315 105 146 179 88 220 419 30 359 347 173 241 90 417 140 128 46 185 257 218 460 83 250 78 168 113 141 
314 6 161 344 143 162 316 273 350 360 305 50 355 18 408 286 319 203 134 424 414 45 251 152 381 139 75 160 19 100 243 382 97 64 7 189 199 497 80 425 467 458 145 42 205 33 232 121 371 196 132 
285 405 426 68 74 264 235 51 21 325 326 474 175 22 287 96 445 20 267 321 171 180 239 23 455 16 117 446 361 345 219 35 351 493 486 320 108 122 288 263 454 131 112 399 172 470 129 236 400 412 191 247 495 36 430 187 
144 383 147 308 190 118 490 142 57 198 282 223 274 41 278 336 337 183 194 277 378 8 39 463 4 1 432 184 332 459 398 154 208 106 434 283 130 369 163 86 43 158 396 427 214 384 269 296 284 338 178 368 
27 373 441 169 377 364 452 231 456 242 167 165 365 195 110 150 170 245 299 482 392 181 207 136 444 226 447 159 103 69 192 222 224 67 291 94 54 435 385 186 259 403 322 48 406 478 420 270 109 302 246 153 
38 300 298 215 401 26 375 155 301 227 133 483 492 428 233 471 323 89 123 303 372 411 166 450 415 209 333 28 127 177 193 34 413 294 92 394 99 339 410 423 438 313 73 79 156 151 433 221 13 387 115 317 53 
5 453 261 500 388 135 52 260 188 329 81 472 416 201 439 353 404 164 84 480 289 76 61 9 280 138 324 348 120 119 111 255 357 340 292 295 485 
176 230 477 101 244 407 252 59 149 451 228 437 349 126 484 464 374 66 65 466 25 465 328 229 197 276 157 12 309 268 102 335 366 376 358 32 461 318 489 62 279 397 258 
