1048 4604578.14747
1523 177 1473 1818 1316 1663 
1171 1282 1832 1352 1940 1148 
1662 1136 836 1760 963 1364 
26 1801 557 725 1464 
1351 1095 1129 
1916 1097 
1264 53 584 1933 
615 1102 1402 1415 
1130 669 1454 606 202 
1803 387 1732 47 
1897 328 561 1720 1546 766 
1950 579 910 1949 
552 1132 1013 
1876 1810 
544 899 1471 117 1071 
1334 1064 
1587 797 759 
1776 891 1743 1576 
1597 1813 1468 
1692 1367 
1106 95 420 
1222 1579 1647 129 
120 1068 1919 
74 1910 
773 1709 1389 1285 
690 938 1547 
628 
1585 393 
1189 1359 970 
1689 1643 1133 
162 1008 1076 418 
1087 1516 804 798 
833 1416 943 
1625 1618 689 
562 1538 
13 1861 787 1496 203 
260 102 12 
1690 216 1749 1408 
1430 1665 
1470 1885 
713 1559 1219 
1863 922 
215 735 
1913 929 1324 237 
308 782 1765 
1399 1991 1054 
1505 814 1178 
591 840 88 
293 1527 968 
200 37 77 
1082 34 1634 9 
990 197 86 
642 1923 1503 
1057 903 362 
984 1729 989 
1959 1541 
39 1535 745 
864 644 1821 
1575 1050 1217 
1573 1867 1967 790 
1956 1297 435 551 
257 241 
1517 1153 
1666 1093 
640 356 564 
647 1051 715 
1669 1401 
307 80 1586 
231 1708 
834 748 
55 2000 
390 1265 1319 
31 1462 
1325 1686 1272 
1294 1166 
1997 1660 708 
612 1342 
1140 408 
734 426 
1494 96 51 
1353 1723 
923 841 
381 1491 516 
846 8 1043 
744 1571 
1151 1712 991 1642 
254 1543 
243 1215 
424 1564 1298 
820 450 1495 
719 1775 
1034 1375 
1271 982 1943 
1759 666 1590 
811 827 736 
1466 103 1440 
1455 166 1657 
1862 794 1374 1664 
263 417 875 
992 1809 933 
1158 1382 
1866 1420 83 
1482 1826 720 
1421 849 
1711 476 
1452 950 988 
1735 885 250 
626 467 
40 1229 768 
620 388 967 48 
510 169 
609 1680 
281 1103 907 
473 398 1764 
1737 106 909 
1761 980 1532 
425 1823 
475 1085 1289 
610 1839 
1542 410 
1976 573 
621 937 1323 
1746 1747 1456 
1603 1570 1390 
668 1790 868 
848 1627 21 
75 1850 1032 
538 873 300 
273 
71 605 150 
1716 107 1896 
1441 1510 
490 710 
290 199 949 
1108 1224 
353 
463 1403 
479 897 
1840 1528 777 
1773 563 
842 1792 
43 1417 741 
4 
1213 1022 1216 
340 1772 
255 1604 1125 
1894 
402 
882 1881 1398 
111 1066 
1014 427 
140 
770 385 
44 407 
1530 1931 533 
266 1094 296 
1259 29 
375 1306 
1340 73 
1847 1484 1794 
931 1855 1648 
1355 1279 
442 1683 
687 1273 1234 
877 1828 122 
867 368 
1607 
874 631 
1935 1679 
1539 302 
1172 465 1058 
397 1707 1880 
1955 78 
753 1915 344 
779 1645 
1841 574 
1179 509 
384 1245 
800 158 1626 
501 1206 
602 1061 1534 
1874 1084 
42 493 
1941 869 477 
830 1694 
488 1661 1895 
1980 906 304 
383 1381 
395 757 1442 
444 1833 
576 722 
854 155 
1233 852 
286 364 
176 676 67 
917 338 
1652 1738 1096 
1128 1595 
1280 685 
1904 839 1687 
596 1145 
219 499 
7 1845 
838 518 
20 1479 
54 520 
1105 1226 
1147 1658 38 
1596 438 1796 
92 481 
396 636 
935 633 
336 528 
692 170 1887 
487 587 
1745 1978 
1650 69 
276 1311 
1668 1175 
1253 1332 
1982 667 1714 
1154 403 575 
1088 630 1639 
1616 1985 
866 1024 1921 
1100 245 
683 189 721 
1036 1637 
492 115 
464 525 
793 145 
1492 416 1112 
1917 
1210 1851 
1529 888 
305 413 
1252 781 
1948 
1565 810 
515 1986 261 
546 863 
182 908 
523 24 
876 1873 
717 458 
1502 1721 
1277 429 
994 482 
1135 1961 
159 
566 571 
1322 1160 
915 
79 469 
360 252 1117 
643 776 98 
434 524 
951 318 1412 
788 
712 1244 
1673 
1200 1007 
594 805 
699 312 
1646 1782 
1829 326 
321 650 
341 1459 
1018 133 
1830 
130 1550 1343 
1242 1251 1232 
1820 553 898 
540 1203 1443 
1449 1450 
1485 171 
1284 1077 
1182 409 
1724 1623 
962 
554 1481 1838 
1086 
1201 1039 616 
208 895 1406 
1281 1520 
706 792 
1514 436 
535 674 
1688 508 
1757 1247 
1365 1023 
17 1936 
422 1405 
1180 1157 
1685 347 
1993 993 
697 765 138 
1900 116 
813 1295 
1026 59 886 
754 1432 
1545 1424 
1489 934 
1192 1312 
1812 351 
453 405 
1624 1131 
1254 
1292 558 
835 1422 
645 928 1621 
901 1584 
1704 780 
1474 
1544 987 
1288 1756 
1483 981 
1676 1924 367 
132 
1425 613 
25 1142 
484 
1973 221 
969 1954 
1644 1427 
858 343 
1221 
952 1118 1568 
110 608 
1522 1500 
1327 478 
1092 507 192 
294 1947 
1515 1509 
1816 1144 355 
623 1942 
292 1127 
881 1638 
729 229 
709 301 332 
430 173 
1134 920 
598 1804 
1786 622 
1490 1506 240 
1744 506 
1912 677 
1197 1614 
1149 99 
1556 
1121 
567 740 
279 369 
1378 1552 
1262 391 
1089 1321 
1852 786 
1635 415 
1977 
1138 
829 1202 513 
1385 62 
1164 
904 204 
1551 1770 
1480 1475 
317 
404 
327 570 
627 927 
1124 446 
1622 451 
1207 
1615 985 
1508 1934 
1354 19 
339 1019 
577 
1554 796 
684 629 
889 1890 
1123 581 
536 1578 
1419 1806 57 
1040 1536 1886 
485 742 
1968 1028 30 
1512 
747 1906 
289 27 
125 449 
1362 772 
1436 
857 121 
1875 
541 727 
1017 791 
871 1029 
878 1659 
1983 1338 
1780 471 
1836 
946 961 
726 411 
1267 1561 
1889 1864 
1304 
1802 135 1553 
1116 771 
1044 
1060 1722 
1824 1181 
1373 739 
214 89 
101 
314 502 
1814 1477 
399 1291 
1937 1048 
1070 1137 
1476 1183 
136 333 
705 1781 
1908 348 
1963 
23 265 
1260 807 
85 
1594 758 
1798 474 
1582 236 
1753 1012 
1308 1807 
1750 433 
1920 1730 
1380 1069 
1805 1368 
428 210 
342 1677 
357 902 
207 1537 
1702 1706 
1583 1337 
270 1498 
68 924 
1152 1315 
1075 
939 953 
975 1926 
760 1911 
1435 419 
537 1001 
998 624 
604 1235 
1870 1460 
883 1370 
157 
1695 1309 
389 371 
1305 14 
1366 529 
654 81 
1317 124 
414 785 
664 
1965 1581 
919 1734 
1591 
1819 1299 
865 658 
1736 824 
1458 1255 
639 
693 313 
1411 1227 
1859 
625 
1433 
394 50 
696 
778 632 
783 500 
1755 
441 421 
494 16 
817 896 
818 377 
1031 
619 947 
1027 752 
392 
468 
531 1170 
641 1426 
853 1328 
764 108 
358 
1602 1827 
996 701 
1751 242 
1269 1451 
1620 1263 
1114 1212 
761 
1630 
828 586 
1025 1999 
491 1165 
46 
1150 1521 
2 655 
702 767 
359 1605 
1431 234 
1434 1358 
522 1800 
1371 303 
1033 870 
1047 104 
60 149 
1467 1763 
1784 1671 
495 1869 
70 568 
1901 912 
1715 1339 
1925 335 
1348 1478 
801 126 
1944 
1021 454 
959 1766 
1701 1111 
282 432 
1922 1261 
1065 1270 
634 1042 
698 1011 
1310 18 
1974 
1418 911 
648 459 
1684 1958 
1511 1636 
872 1577 
1391 1793 
1613 275 
1218 1250 
1161 
141 1653 
1196 1347 
1988 1727 
105 1771 
1409 49 
1868 233 
400 148 
589 100 
58 815 
1240 572 
1000 1045 
1428 461 
1567 1856 
1488 
948 
185 
1363 1487 
291 
496 498 
452 1903 
966 
1981 1119 
714 113 
795 1199 
1345 
1081 1811 
1326 
1237 
268 1994 
1609 1860 
1349 
372 580 
52 1631 
330 559 
680 119 
1611 
1155 
893 1524 
1572 694 
1678 1883 
1438 1258 
1789 1126 
1777 
862 960 
90 1898 
455 248 
1113 128 
775 82 
1167 519 
1159 517 
439 1049 
94 
1719 
751 1835 
1246 1533 
1580 673 
1846 659 
36 
1558 274 
225 431 
1909 1336 
277 
253 97 
1930 1842 
1248 663 
1640 
1893 
271 1960 
222 191 
1752 1414 
181 1733 
1276 1146 
593 315 
1314 1301 
218 
269 1274 
514 297 
1797 
545 1394 
167 657 
1055 649 
1445 198 
769 
153 
1549 1698 
1872 
480 
1162 1713 
1266 1186 
1059 1379 
72 750 
1195 378 
930 635 
843 93 
374 1225 
784 1787 
1589 
884 1946 
472 1878 
1987 1275 
1463 
1073 306 
1038 
1278 
1331 
1493 900 
1674 660 
1788 
1888 22 
688 
1346 845 
601 532 
1062 1191 
466 401 
503 
603 1447 
349 707 
590 462 
1569 756 
386 
661 1598 
258 1143 
1739 
1918 724 
1395 
651 1762 
1387 665 
288 942 
521 180 
1939 
195 850 
894 646 
728 1651 
1423 
66 860 
247 
812 1030 
1067 1791 
1531 653 
1952 1228 
1843 
1742 
1731 
1318 1293 
1632 1472 
977 156 
160 
583 1004 
1697 
1230 
1283 1726 
1156 223 
316 146 
112 1966 
1783 588 
743 365 
1854 
979 
856 
152 1964 
151 
534 1035 
380 1998 
1072 679 
505 1691 
565 278 
1499 1507 
1080 
134 
437 
118 
319 283 
489 
1208 
217 41 
1009 123 
704 209 
1110 1486 
165 971 
823 1091 
1176 1945 
1682 320 
1120 
1287 1163 
1457 1834 
186 1795 
1329 1396 
1190 932 
1344 618 
1837 555 
423 
1641 718 
964 746 
954 
1741 1002 
822 859 
228 1989 
352 997 
1526 1194 
310 264 
851 1725 
486 1083 
6 
91 
178 678 
172 1953 
802 249 
1774 
144 716 
925 1778 
695 1754 
1995 1053 
1453 346 
1593 
995 1109 
382 
45 1173 
1938 
1877 1825 
1882 
711 460 
64 847 
914 
84 
543 539 
1574 445 
1848 1122 
1174 323 
560 972 
1241 1357 
918 376 
821 194 
35 1871 
1256 154 
578 1899 
1177 370 
733 87 
238 1619 
550 
1205 607 
1376 1392 
267 363 
530 1209 
1300 1969 
1592 1439 
1169 
1667 483 
1740 806 
956 
1268 671 
1693 1996 
1513 
443 244 
1330 
585 1628 
1990 
331 944 
1566 681 
251 
600 
1078 1372 
819 
1307 
1655 1992 
1519 999 
1187 
732 
239 
1858 662 
1115 1670 
220 1236 
285 
114 983 
1302 
887 808 
1610 
1056 1557 
137 916 
1052 
1369 
412 1041 
1090 456 
1815 816 
497 1 
940 556 
329 1320 
379 1383 
861 1107 
440 
1333 656 
730 
196 
179 345 
163 597 
1601 855 
1560 1501 
1588 
913 
187 1844 
457 1768 
957 280 
549 
175 1448 
1286 
447 309 
1700 
1296 1104 
1223 284 
324 
259 512 
28 
879 164 
569 826 
1975 
1469 
1799 
958 
1879 1350 
831 1962 
127 
212 
1249 1728 
1010 131 
809 
941 
1703 
142 1548 
311 1717 
1099 
1397 
973 1705 
1865 
1849 1681 
595 334 
1185 
1617 193 
201 
803 1672 
1518 
945 
235 
592 
1562 1984 
227 
614 
978 
774 
1020 
1303 1905 
1006 892 
1927 
1525 1540 
1446 1822 
1193 
1184 
1971 1649 
11 
1386 1957 
1139 1951 
109 406 
1461 
617 1710 
350 1932 
511 
1257 
1356 
1098 
1914 
1016 1063 
1767 262 
1902 
224 
1599 
723 
1758 
1892 1891 
749 
206 1384 
1198 
10 
298 
1188 
184 
672 504 
1360 
1168 
470 
3 
1970 
1979 1074 
1037 1675 
542 
526 
1231 
1769 
65 15 
226 
1413 
1748 
1400 1907 
1563 
638 
1633 143 
974 
691 
1079 547 
1497 789 
1444 936 
272 1718 
880 295 
703 986 
763 
527 
1696 
1204 
1141 
337 
670 1393 
921 
287 
825 
1972 
637 686 
1699 
799 232 
1504 373 
1779 213 
205 700 
1407 
1808 
1046 
230 1404 
1214 61 
168 
1335 
1388 
354 
1015 
32 
174 246 
844 976 
1654 
448 
63 
1853 139 
955 682 
1929 652 
161 1629 
1290 
1555 
890 1313 
1928 
1600 
366 
905 
731 
33 
1005 
762 
1884 188 
832 1361 
926 76 
183 1831 
611 
56 
5 
1243 
737 
1211 
1437 
299 
1239 
1003 322 
1341 
1606 
1238 
1857 
1101 
738 190 
1377 
965 
256 
599 
1465 
837 
211 675 
147 
1785 
548 
1817 
1608 
1410 
1656 
325 
1220 
361 
1429 
755 
582 1612 
